# name: debug
# type: sparse matrix
# nnz: 36
# rows: 6
# columns: 6

1 1 2.24711749e+307
2 1 -4.50720988e+289
3 1 2.24711749e+307
4 1 5.84719119e+289
5 1 2.24711749e+307
6 1 6.1517324e+289
1 2 -4.50720988e+289
2 2 -4.50720988e+289
3 2 -3.89812746e+289
4 2 -4.50720988e+289
5 2 -3.89812746e+289
6 2 -4.50720988e+289
1 3 2.24711749e+307
2 3 -3.89812746e+289
3 3 -6.09082416e+288
4 3 2.24711749e+307
5 3 8.10079613e+289
6 3 2.24711749e+307
1 4 5.84719119e+289
2 4 -4.50720988e+289
3 4 2.24711749e+307
4 4 1.6905433e+271
5 4 1.94906373e+289
6 4 1.9546907e+271
1 5 2.24711749e+307
2 5 -3.89812746e+289
3 5 8.10079613e+289
4 5 1.94906373e+289
5 5 2.24711749e+307
6 5 2.25360494e+289
1 6 6.1517324e+289
2 6 -4.50720988e+289
3 6 2.24711749e+307
4 6 1.9546907e+271
5 6 2.25360494e+289
6 6 2.26011112e+271
